1,76,1
1,113,1
3,147,1
3,171,1
3,319,1
3,325,1
3,454,1
3,531,1
4,328,1
5,431,1
6,34,1
7,125,1
8,460,1
9,122,1
9,985,1
10,65,1
10,367,1
11,424,1
11,494,1
11,495,1
11,986,1
11,1164,1
11,1165,1
11,1166,1
12,27,1
12,50,1
13,72,1
13,274,1
13,303,1
13,422,1
13,461,1
13,988,1
13,989,1
13,990,1
13,1167,1
13,1168,1
13,1169,1
13,1170,1
13,1171,1
14,99,1
15,265,1
15,270,1
15,991,1
15,992,1
15,993,1
16,279,1
16,367,1
16,431,1
16,923,1
16,925,1
17,27,1
17,244,1
17,279,1
17,310,1
17,359,1
17,363,1
17,431,1
17,443,1
18,99,1
18,395,1
20,120,1
20,135,1
20,745,1
20,857,1
20,1204,1
21,539,1
21,1061,1
23,182,1
23,261,1
23,420,1
23,440,1
23,450,1
23,555,1
24,7,1
24,280,1
24,425,1
24,547,1
25,27,1
25,50,1
25,323,1
26,103,1
26,1149,1
26,1150,1
27,49,1
27,695,1
28,190,1
29,65,1
31,59,1
32,44,1
32,83,1
32,115,1
32,238,1
32,378,1
32,402,1
33,289,1
33,329,1
35,431,1
36,166,1
36,224,1
36,264,1
36,369,1
36,375,1
36,462,1
37,427,1
39,116,1
39,365,1
39,403,1
41,297,1
41,328,1
41,1001,1
42,291,1
42,318,1
42,362,1
42,453,1
42,461,1
43,204,1
44,72,1
44,274,1
44,303,1
44,422,1
44,461,1
44,988,1
44,989,1
44,990,1
44,1167,1
44,1168,1
44,1169,1
44,1170,1
44,1171,1
47,143,1
47,187,1
47,316,1
47,1039,1
47,1177,1
47,1178,1
47,1179,1
47,1180,1
47,1181,1
48,109,1
49,13,1
49,27,1
49,50,1
49,84,1
49,140,1
49,165,1
49,166,1
49,176,1
49,195,1
49,222,1
49,233,1
49,257,1
49,289,1
49,310,1
49,323,1
49,327,1
49,329,1
49,331,1
49,369,1
49,375,1
49,436,1
49,462,1
49,562,1
50,166,1
50,224,1
50,257,1
50,310,1
50,369,1
51,13,1
51,84,1
51,165,1
51,166,1
51,195,1
51,222,1
51,224,1
51,257,1
51,310,1
51,327,1
51,331,1
51,369,1
51,375,1
51,436,1
51,462,1
53,109,1
55,239,1
58,99,1
58,395,1
59,13,1
59,84,1
59,165,1
59,166,1
59,195,1
59,222,1
59,224,1
59,257,1
59,310,1
59,327,1
59,331,1
59,375,1
59,436,1
59,462,1
61,184,1
61,198,1
61,312,1
61,461,1
62,49,1
62,427,1
63,7,1
63,103,1
63,136,1
63,280,1
63,547,1
63,697,1
64,29,1
65,27,1
65,50,1
65,109,1
65,323,1
65,1174,1
65,1175,1
66,100,1
66,109,1
66,441,1
67,449,1
69,483,1
69,513,1
69,727,1
69,1056,1
70,279,1
70,367,1
70,431,1
71,347,1
72,245,1
72,460,1
73,279,1
73,431,1
75,327,1
75,461,1
76,186,1
77,244,1
77,359,1
77,443,1
78,100,1
79,35,1
79,100,1
81,118,1
83,44,1
83,238,1
83,402,1
84,49,1
84,89,1
84,249,1
84,403,1
85,290,1
86,274,1
86,303,1
86,461,1
86,473,1
86,476,1
86,494,1
86,986,1
87,145,1
87,516,1
88,166,1
88,264,1
88,375,1
88,462,1
89,11,1
89,151,1
90,441,1
91,244,1
91,359,1
91,443,1
93,165,1
93,224,1
93,375,1
93,462,1
94,27,1
94,50,1
94,140,1
94,165,1
94,166,1
94,233,1
94,244,1
94,257,1
94,279,1
94,289,1
94,323,1
94,359,1
94,408,1
94,431,1
94,453,1
94,529,1
94,636,1
94,1174,1
94,1175,1
94,1176,1
95,858,1
96,460,1
97,244,1
97,359,1
97,443,1
98,11,1
98,120,1
98,151,1
98,575,1
98,815,1
100,146,1
101,244,1
101,363,1
101,443,1
102,13,1
102,27,1
102,50,1
102,84,1
102,140,1
102,165,1
102,166,1
102,176,1
102,195,1
102,222,1
102,233,1
102,257,1
102,289,1
102,310,1
102,323,1
102,327,1
102,329,1
102,331,1
102,369,1
102,375,1
102,436,1
102,462,1
102,562,1
103,99,1
104,396,1
104,1012,1
109,279,1
109,431,1
110,289,1
110,329,1
110,408,1
111,72,1
111,274,1
111,303,1
111,461,1
111,988,1
111,989,1
111,990,1
111,1167,1
111,1168,1
111,1169,1
111,1170,1
111,1171,1
112,11,1
112,365,1
113,321,1
113,460,1
115,318,1
116,859,1
116,1146,1
117,73,1
117,547,1
119,82,1
121,13,1
121,27,1
121,50,1
121,85,1
121,140,1
121,165,1
121,166,1
121,176,1
121,195,1
121,222,1
121,233,1
121,257,1
121,289,1
121,310,1
121,323,1
121,327,1
121,329,1
121,331,1
121,369,1
121,375,1
121,380,1
121,436,1
121,462,1
121,562,1
122,313,1
122,569,1
122,615,1
122,860,1
122,861,1
123,68,1
123,74,1
123,321,1
124,99,1
124,165,1
124,195,1
124,289,1
124,327,1
124,329,1
124,395,1
124,408,1
124,614,1
126,165,1
126,176,1
126,257,1
126,310,1
126,359,1
127,274,1
127,303,1
127,461,1
128,99,1
128,395,1
129,59,1
129,272,1
129,609,1
131,27,1
131,50,1
131,140,1
131,233,1
131,323,1
132,176,1
133,109,1
133,1203,1
134,249,1
134,941,1
134,994,1
134,995,1
134,999,1
135,247,1
135,917,1
136,15,1
136,107,1
136,286,1
136,287,1
137,289,1
137,329,1
137,408,1
138,419,1
139,249,1
139,381,1
139,994,1
139,995,1
139,996,1
139,997,1
139,998,1
139,999,1
139,1203,1
141,68,1
141,196,1
141,321,1
141,381,1
142,14,1
142,22,1
142,86,1
142,114,1
142,209,1
142,259,1
142,360,1
144,249,1
144,994,1
144,995,1
144,999,1
145,72,1
145,274,1
145,303,1
145,422,1
145,461,1
145,988,1
145,989,1
145,990,1
145,1167,1
145,1168,1
145,1169,1
145,1170,1
145,1171,1
146,13,1
146,257,1
146,310,1
146,436,1
147,50,1
147,323,1
147,424,1
148,120,1
149,13,1
149,84,1
149,165,1
149,166,1
149,195,1
149,222,1
149,224,1
149,257,1
149,310,1
149,327,1
149,331,1
149,375,1
149,436,1
149,462,1
152,274,1
152,303,1
152,461,1
152,473,1
152,476,1
152,494,1
152,986,1
153,273,1
154,74,1
154,381,1
155,279,1
155,367,1
155,431,1
157,303,1
157,461,1
159,32,1
159,428,1
159,988,1
160,436,1
161,27,1
161,50,1
161,257,1
161,310,1
161,323,1
162,928,1
164,328,1
165,186,1
165,190,1
166,186,1
166,187,1
166,361,1
168,427,1
169,550,1
171,165,1
171,289,1
171,395,1
171,917,1
172,289,1
172,436,1
173,207,1
173,226,1
173,241,1
173,260,1
173,359,1
175,49,1
175,289,1
175,329,1
175,408,1
176,27,1
176,50,1
176,140,1
176,233,1
176,257,1
176,279,1
176,289,1
176,323,1
176,408,1
176,431,1
176,1174,1
176,1175,1
177,44,1
177,83,1
177,115,1
177,171,1
177,238,1
177,378,1
177,402,1
179,11,1
179,151,1
180,11,1
180,151,1
181,141,1
182,431,1
183,461,1
184,72,1
184,274,1
184,303,1
184,461,1
184,988,1
184,989,1
184,990,1
184,1167,1
184,1168,1
184,1169,1
184,1170,1
184,1171,1
185,279,1
185,367,1
185,431,1
186,13,1
186,166,1
186,257,1
186,289,1
186,329,1
186,436,1
189,151,1
189,1120,1
189,1139,1
190,68,1
190,458,1
191,151,1
191,739,1
192,165,1
192,195,1
192,327,1
194,33,1
194,52,1
195,49,1
195,99,1
195,395,1
196,166,1
196,436,1
197,483,1
197,513,1
198,125,1
200,858,1
202,27,1
202,50,1
202,140,1
202,233,1
202,323,1
203,244,1
203,359,1
203,443,1
204,74,1
204,1203,1
205,11,1
205,151,1
206,61,1
207,13,1
207,241,1
207,257,1
207,331,1
207,436,1
211,774,1
211,779,1
212,125,1
214,99,1
214,395,1
215,243,1
218,441,1
218,571,1
220,109,1
221,151,1
221,641,1
222,655,1
223,427,1
225,68,1
226,27,1
226,50,1
226,140,1
226,166,1
226,233,1
226,257,1
226,279,1
226,289,1
226,323,1
226,408,1
226,431,1
227,82,1
227,784,1
228,125,1
229,13,1
229,50,1
229,165,1
229,279,1
229,289,1
229,431,1
229,436,1
229,461,1
230,460,1
231,144,1
233,292,1
234,11,1
234,151,1
235,853,1
237,26,1
237,301,1
239,1162,1
239,1163,1
240,190,1
241,109,1
243,99,1
243,166,1
243,395,1
243,462,1
243,614,1
244,27,1
244,50,1
244,140,1
244,233,1
244,323,1
245,11,1
245,151,1
246,165,1
246,195,1
246,327,1
248,151,1
251,61,1
252,11,1
252,141,1
252,151,1
252,202,1
252,529,1
252,815,1
252,855,1
252,1016,1
253,49,1
253,289,1
253,329,1
253,408,1
254,460,1
255,277,1
256,15,1
256,107,1
256,201,1
256,202,1
256,286,1
256,287,1
256,390,1
256,434,1
256,527,1
258,99,1
258,289,1
258,329,1
258,395,1
260,989,1
261,68,1
261,321,1
262,11,1
262,151,1
262,429,1
262,609,1
262,647,1
263,401,1
263,723,1
263,919,1
265,244,1
265,359,1
265,443,1
266,99,1
266,395,1
267,687,1
267,718,1
269,8,1
269,114,1
269,259,1
269,496,1
269,497,1
269,636,1
269,675,1
269,690,1
269,1023,1
270,460,1
271,74,1
272,27,1
272,50,1
272,140,1
272,233,1
272,242,1
272,249,1
272,289,1
272,323,1
272,329,1
272,408,1
272,994,1
272,999,1
272,1152,1
273,13,1
273,242,1
273,436,1
274,74,1
276,449,1
276,590,1
276,1154,1
276,1155,1
276,1156,1
277,187,1
277,316,1
278,165,1
279,460,1
280,7,1
280,136,1
280,547,1
281,328,1
281,638,1
282,186,1
282,190,1
282,517,1
282,753,1
284,137,1
284,418,1
286,186,1
287,7,1
287,280,1
287,547,1
287,697,1
287,766,1
288,91,1
288,359,1
288,443,1
289,347,1
290,165,1
290,166,1
290,257,1
290,289,1
290,310,1
290,431,1
291,424,1
292,363,1
292,471,1
292,585,1
292,738,1
292,987,1
293,49,1
293,109,1
293,204,1
293,249,1
293,277,1
293,403,1
293,431,1
293,941,1
293,994,1
293,995,1
293,996,1
293,997,1
293,998,1
293,999,1
294,74,1
295,99,1
295,165,1
295,289,1
295,327,1
295,329,1
295,395,1
295,408,1
296,166,1
296,264,1
296,375,1
296,462,1
298,116,1
299,219,1
300,247,1
300,424,1
300,494,1
300,495,1
300,917,1
300,986,1
300,1164,1
300,1165,1
300,1166,1
300,1505,1
300,1506,1
300,1507,1
300,1508,1
300,1509,1
301,68,1
301,458,1
302,34,1
303,13,1
303,49,1
303,257,1
303,289,1
303,329,1
303,436,1
304,109,1
307,72,1
307,274,1
307,303,1
307,461,1
307,988,1
307,989,1
307,990,1
307,1167,1
307,1168,1
307,1169,1
307,1170,1
307,1171,1
309,427,1
310,74,1
310,381,1
310,460,1
311,72,1
311,274,1
311,303,1
311,461,1
311,988,1
311,989,1
311,990,1
311,1167,1
311,1168,1
311,1169,1
311,1170,1
311,1171,1
312,125,1
312,592,1
313,165,1
313,289,1
315,427,1
315,1030,1
316,184,1
316,290,1
317,165,1
317,257,1
317,279,1
317,289,1
317,327,1
317,329,1
317,375,1
317,408,1
317,436,1
317,462,1
318,165,1
318,195,1
318,327,1
318,1161,1
320,381,1
322,184,1
322,312,1
323,244,1
323,359,1
323,443,1
325,289,1
325,329,1
325,408,1
326,244,1
326,359,1
326,443,1
328,11,1
328,151,1
330,13,1
330,84,1
330,165,1
330,166,1
330,195,1
330,222,1
330,224,1
330,257,1
330,310,1
330,327,1
330,331,1
330,375,1
330,380,1
330,436,1
330,462,1
331,27,1
331,50,1
331,140,1
331,233,1
331,257,1
331,279,1
331,323,1
331,431,1
333,100,1
333,176,1
333,363,1
333,367,1
333,424,1
334,90,1
334,1140,1
335,320,1
336,176,1
336,323,1
336,424,1
338,116,1
338,120,1
339,424,1
340,247,1
340,917,1
341,13,1
341,165,1
341,166,1
341,195,1
341,222,1
341,257,1
341,289,1
341,310,1
341,327,1
341,329,1
341,331,1
341,375,1
341,436,1
342,20,1
342,109,1
344,329,1
344,367,1
345,11,1
345,151,1
345,238,1
346,109,1
347,61,1
347,165,1
347,257,1
347,289,1
347,369,1
348,242,1
348,362,1
348,453,1
348,461,1
349,109,1
350,63,1
350,102,1
350,423,1
351,176,1
352,59,1
353,676,1
355,582,1
356,292,1
357,519,1
357,666,1
357,728,1
357,746,1
357,1173,1
358,917,1
359,427,1
360,109,1
362,145,1
362,606,1
362,923,1
362,925,1
363,50,1
364,68,1
364,458,1
364,571,1
365,11,1
365,151,1
366,11,1
366,151,1
367,125,1
368,274,1
368,303,1
368,461,1
368,473,1
368,476,1
368,494,1
368,986,1
369,11,1
369,20,1
369,120,1
369,141,1
369,151,1
369,710,1
369,1503,1
370,34,1
371,44,1
371,83,1
371,115,1
371,378,1
372,13,1
372,84,1
372,165,1
372,195,1
372,327,1
373,443,1
374,50,1
374,323,1
375,7,1
375,103,1
375,280,1
375,547,1
375,671,1
375,697,1
376,281,1
376,384,1
377,27,1
377,50,1
377,233,1
377,323,1
378,50,1
378,424,1
379,150,1
379,262,1
380,244,1
380,359,1
380,443,1
381,11,1
381,151,1
382,853,1
382,855,1
382,989,1
382,990,1
383,184,1
383,312,1
383,515,1
383,1184,1
384,103,1
385,75,1
385,79,1
389,72,1
389,303,1
389,422,1
389,461,1
389,988,1
389,989,1
389,990,1
389,1167,1
389,1168,1
389,1169,1
389,1170,1
389,1171,1
390,242,1
390,289,1
390,380,1
390,436,1
390,622,1
390,1376,1
392,321,1
392,460,1
393,27,1
393,50,1
393,140,1
393,233,1
393,323,1
394,204,1
394,242,1
394,244,1
394,359,1
394,443,1
394,564,1
395,365,1
396,99,1
396,395,1
397,72,1
397,274,1
397,303,1
397,461,1
397,988,1
397,989,1
397,990,1
397,1167,1
397,1168,1
397,1169,1
397,1170,1
397,1171,1
398,247,1
398,257,1
399,244,1
399,359,1
399,443,1
401,13,1
401,242,1
401,436,1
402,409,1
402,1151,1
405,460,1
406,11,1
406,151,1
407,103,1
407,1149,1
407,1150,1
408,61,1
409,396,1
410,109,1
411,184,1
411,312,1
412,11,1
412,151,1
413,395,1
414,96,1
414,167,1
416,34,1
419,125,1
420,320,1
421,161,1
421,290,1
421,341,1
421,740,1
422,176,1
423,460,1
424,72,1
424,274,1
424,303,1
424,422,1
424,461,1
424,988,1
424,989,1
424,990,1
424,1167,1
424,1168,1
424,1169,1
424,1170,1
424,1171,1
425,128,1
425,267,1
425,363,1
425,428,1
425,461,1
426,244,1
426,359,1
426,443,1
427,143,1
428,290,1
428,419,1
429,46,1
429,166,1
429,176,1
429,443,1
429,462,1
430,35,1
430,336,1
430,347,1
430,1007,1
431,142,1
432,50,1
432,100,1
432,109,1
432,279,1
432,323,1
432,367,1
432,431,1
433,49,1
433,89,1
433,109,1
434,109,1
434,184,1
434,277,1
434,312,1
434,506,1
434,818,1
434,853,1
434,854,1
434,855,1
434,923,1
434,925,1
434,1035,1
434,1184,1
434,1185,1
434,1186,1
434,1187,1
434,1188,1
434,1189,1
435,451,1
437,116,1
437,120,1
438,363,1
438,436,1
440,375,1
440,462,1
442,280,1
442,697,1
442,766,1
442,1151,1
443,244,1
443,359,1
443,443,1
444,257,1
445,165,1
445,195,1
445,242,1
445,289,1
445,327,1
445,395,1
446,61,1
447,208,1
447,1007,1
449,257,1
449,436,1
450,279,1
450,367,1
451,395,1
452,241,1
452,363,1
455,166,1
455,264,1
455,375,1
455,462,1
456,264,1
456,375,1
456,462,1
458,460,1
459,99,1
459,166,1
459,395,1
459,462,1
460,100,1
461,422,1
461,461,1
462,11,1
462,151,1
463,165,1
463,289,1
464,34,1
464,120,1
466,165,1
467,176,1
469,657,1
470,103,1
470,358,1
470,697,1
470,932,1
472,427,1
473,50,1
474,189,1
474,296,1
475,247,1
476,395,1
477,50,1
478,13,1
478,79,1
478,84,1
478,222,1
478,331,1
478,367,1
478,436,1
479,247,1
479,917,1
480,859,1
481,11,1
481,151,1
482,43,1
484,7,1
484,941,1
485,427,1
486,375,1
486,462,1
487,184,1
487,243,1
487,312,1
487,318,1
487,818,1
487,1035,1
489,187,1
490,859,1
492,11,1
492,151,1
492,1147,1
493,418,1
494,293,1
495,460,1
496,11,1
496,120,1
496,141,1
496,151,1
497,95,1
497,141,1
497,254,1
497,611,1
497,643,1
497,716,1
498,165,1
499,323,1
500,242,1
500,249,1
500,381,1
500,506,1
500,622,1
500,994,1
500,995,1
500,999,1
500,1152,1
500,1153,1
501,414,1
503,34,1
503,637,1
504,582,1
505,514,1
505,649,1
505,1202,1
506,109,1
506,525,1
507,27,1
507,50,1
507,140,1
507,233,1
507,323,1
508,923,1
508,925,1
509,40,1
509,618,1
509,1197,1
510,151,1
510,401,1
510,430,1
510,662,1
512,176,1
512,241,1
512,363,1
515,460,1
515,1504,1
517,11,1
517,151,1
519,427,1
521,27,1
521,50,1
521,323,1
522,99,1
522,395,1
522,546,1
522,570,1
522,614,1
522,1010,1
522,1011,1
523,116,1
523,120,1
524,72,1
524,274,1
524,303,1
524,422,1
524,461,1
524,988,1
524,989,1
524,990,1
524,1167,1
524,1168,1
524,1169,1
524,1170,1
524,1171,1
525,27,1
525,50,1
525,140,1
525,233,1
525,242,1
525,257,1
525,289,1
525,323,1
525,436,1
527,187,1
527,316,1
527,1067,1
529,328,1
529,498,1
529,1203,1
530,46,1
530,224,1
530,257,1
530,310,1
531,122,1
531,145,1
533,391,1
533,574,1
533,1182,1
535,27,1
535,50,1
535,323,1
536,100,1
537,124,1
537,1042,1
538,35,1
538,272,1
538,280,1
538,664,1
538,697,1
538,766,1
539,328,1
540,510,1
540,1203,1
541,328,1
542,49,1
542,242,1
542,331,1
542,436,1
543,186,1
544,367,1
544,431,1
545,279,1
545,367,1
545,431,1
546,266,1
547,3,1
547,49,1
547,152,1
547,239,1
547,318,1
547,1382,1
547,1383,1
549,280,1
549,358,1
550,279,1
550,367,1
550,431,1
551,242,1
551,249,1
551,453,1
551,506,1
551,994,1
551,995,1
551,999,1
553,49,1
553,99,1
553,506,1
554,184,1
554,243,1
554,318,1
554,403,1
554,419,1
555,95,1
555,116,1
558,74,1
560,460,1
561,120,1
562,49,1
562,95,1
562,99,1
562,289,1
562,395,1
562,589,1
562,670,1
562,682,1
565,27,1
565,50,1
565,61,1
565,140,1
565,165,1
565,166,1
565,195,1
565,224,1
565,233,1
565,257,1
565,279,1
565,289,1
565,310,1
565,323,1
565,327,1
565,329,1
565,408,1
565,431,1
565,436,1
566,262,1
566,528,1
567,50,1
567,323,1
568,165,1
568,166,1
568,257,1
568,279,1
568,289,1
568,310,1
568,329,1
568,367,1
568,431,1
570,27,1
570,50,1
570,99,1
570,140,1
570,233,1
570,257,1
570,279,1
570,289,1
570,323,1
570,395,1
570,431,1
570,584,1
571,279,1
571,367,1
571,1165,1
572,190,1
573,419,1
574,239,1
574,291,1
574,311,1
574,318,1
574,363,1
574,461,1
574,626,1
574,628,1
574,658,1
574,743,1
574,1162,1
574,1163,1
575,100,1
575,176,1
575,363,1
575,367,1
576,49,1
576,289,1
576,329,1
576,408,1
577,427,1
580,248,1
580,546,1
580,625,1
580,637,1
580,647,1
580,710,1
580,852,1
581,100,1
581,207,1
581,226,1
581,279,1
581,311,1
581,363,1
582,274,1
582,303,1
582,461,1
582,473,1
582,476,1
582,494,1
582,986,1
583,427,1
585,49,1
585,109,1
586,68,1
586,244,1
586,359,1
586,443,1
586,573,1
587,331,1
587,436,1
588,68,1
588,74,1
588,197,1
588,460,1
589,13,1
589,84,1
589,165,1
589,166,1
589,195,1
589,222,1
589,224,1
589,257,1
589,289,1
589,310,1
589,327,1
589,329,1
589,331,1
589,375,1
589,408,1
589,436,1
589,462,1
591,291,1
591,362,1
591,453,1
591,461,1
593,99,1
593,395,1
594,184,1
594,312,1
595,109,1
595,855,1
596,68,1
596,458,1
596,674,1
596,721,1
597,303,1
597,422,1
597,461,1
598,13,1
598,84,1
598,165,1
598,166,1
598,195,1
598,222,1
598,224,1
598,257,1
598,289,1
598,310,1
598,327,1
598,329,1
598,331,1
598,369,1
598,375,1
598,408,1
598,436,1
598,462,1
600,99,1
600,395,1
601,427,1
602,461,1
602,1167,1
603,1300,1
604,99,1
604,395,1
607,99,1
607,395,1
608,72,1
608,303,1
608,461,1
608,988,1
608,989,1
608,990,1
608,1167,1
608,1168,1
608,1169,1
608,1170,1
608,1171,1
610,859,1
611,49,1
612,425,1
613,571,1
614,219,1
614,363,1
614,436,1
615,460,1
616,7,1
617,13,1
617,27,1
617,50,1
617,84,1
617,140,1
617,165,1
617,166,1
617,176,1
617,195,1
617,222,1
617,233,1
617,257,1
617,289,1
617,310,1
617,323,1
617,327,1
617,329,1
617,331,1
617,369,1
617,375,1
617,408,1
617,436,1
617,462,1
617,562,1
618,27,1
618,323,1
618,424,1
618,917,1
619,17,1
619,139,1
622,46,1
622,50,1
622,436,1
623,3,1
623,41,1
623,245,1
623,460,1
624,291,1
624,362,1
624,453,1
624,461,1
625,13,1
625,27,1
625,50,1
625,84,1
625,140,1
625,165,1
625,166,1
625,176,1
625,195,1
625,222,1
625,233,1
625,257,1
625,289,1
625,310,1
625,323,1
625,327,1
625,329,1
625,331,1
625,369,1
625,375,1
625,436,1
625,462,1
625,562,1
626,40,1
627,224,1
627,257,1
627,279,1
627,310,1
627,431,1
627,467,1
628,923,1
628,925,1
629,17,1
629,139,1
631,561,1
632,8,1
632,114,1
632,251,1
632,259,1
632,484,1
632,485,1
632,486,1
632,487,1
632,488,1
632,524,1
633,156,1
634,460,1
635,498,1
638,14,1
638,19,1
638,86,1
638,114,1
638,209,1
638,259,1
638,496,1
638,497,1
639,494,1
639,986,1
639,1165,1
640,606,1
641,316,1
642,99,1
642,395,1
644,109,1
645,243,1
646,551,1
651,27,1
651,323,1
651,424,1
652,125,1
653,478,1
653,593,1
653,648,1
653,708,1
655,65,1
655,247,1
655,279,1
655,289,1
656,139,1
656,923,1
657,419,1
659,40,1
659,120,1
659,609,1
660,17,1
660,82,1
661,247,1
662,68,1
662,74,1
662,113,1
662,321,1
662,642,1
663,27,1
663,50,1
663,323,1
664,460,1
668,280,1
668,401,1
669,72,1
669,274,1
669,303,1
669,461,1
669,988,1
669,989,1
669,990,1
669,1167,1
669,1168,1
669,1169,1
669,1170,1
669,1171,1
670,65,1
670,165,1
670,195,1
670,279,1
670,327,1
670,367,1
670,431,1
670,923,1
670,925,1
672,27,1
672,50,1
672,140,1
672,233,1
672,323,1
673,72,1
673,274,1
673,303,1
673,461,1
673,988,1
673,989,1
673,990,1
673,1167,1
673,1168,1
673,1169,1
673,1170,1
673,1171,1
676,90,1
676,723,1
677,320,1
678,50,1
678,166,1
678,257,1
678,436,1
679,13,1
679,257,1
679,436,1
681,280,1
681,697,1
681,766,1
683,74,1
684,65,1
685,787,1
686,99,1
686,395,1
687,207,1
687,279,1
687,431,1
690,277,1
691,738,1
692,176,1
692,244,1
692,279,1
692,359,1
692,431,1
692,443,1
693,59,1
694,96,1
694,167,1
695,13,1
695,61,1
695,99,1
695,165,1
695,166,1
695,195,1
695,222,1
695,224,1
695,257,1
695,289,1
695,310,1
695,327,1
695,331,1
695,369,1
695,395,1
695,436,1
695,462,1
695,562,1
696,121,1
697,244,1
697,359,1
697,443,1
698,1012,1
699,498,1
701,29,1
703,74,1
704,165,1
704,289,1
705,359,1
705,443,1
708,328,1
281,1328,0
136,540,0
184,219,0
5,1486,0
667,861,0
345,1493,0
156,349,0
242,422,0
221,1089,0
554,61,0
9,870,0
579,1002,0
503,477,0
398,1456,0
456,592,0
4,715,0
606,842,0
269,1481,0
498,429,0
686,181,0
397,1455,0
35,688,0
438,849,0
613,698,0
702,1480,0
309,914,0
614,1089,0
540,1365,0
306,609,0
256,958,0
41,800,0
136,56,0
448,866,0
151,1442,0
414,144,0
346,1437,0
448,277,0
169,1249,0
94,1161,0
675,1446,0
624,519,0
411,36,0
409,14,0
244,309,0
103,1483,0
395,1430,0
2,217,0
246,990,0
161,160,0
270,1452,0
403,235,0
581,734,0
208,1241,0
219,461,0
267,1124,0
647,695,0
441,44,0
246,1445,0
193,1214,0
271,242,0
282,860,0
64,518,0
410,73,0
325,1001,0
99,224,0
180,689,0
193,47,0
589,129,0
689,312,0
125,1273,0
159,149,0
189,1453,0
649,136,0
442,559,0
124,1137,0
630,501,0
285,1386,0
201,690,0
562,1314,0
173,168,0
58,903,0
634,1115,0
47,955,0
707,183,0
311,1369,0
253,602,0
529,1162,0
31,1155,0
192,514,0
36,528,0
495,579,0
464,1441,0
445,1279,0
195,1290,0
583,1239,0
483,589,0
398,1332,0
136,1439,0
506,1380,0
549,971,0
568,1125,0
494,15,0
579,507,0
393,443,0
220,638,0
163,706,0
101,1253,0
335,629,0
380,767,0
470,323,0
592,62,0
89,843,0
608,162,0
27,1071,0
330,314,0
286,1045,0
370,1425,0
4,911,0
517,710,0
397,1111,0
49,432,0
563,630,0
120,589,0
314,760,0
537,1097,0
26,286,0
436,1427,0
657,1246,0
654,824,0
492,25,0
395,1341,0
472,571,0
405,9,0
602,307,0
196,800,0
519,1043,0
4,995,0
294,1352,0
166,545,0
60,1229,0
91,871,0
338,185,0
454,343,0
200,954,0
563,247,0
566,226,0
132,1173,0
654,514,0
478,627,0
685,491,0
326,954,0
669,71,0
659,714,0
167,762,0
302,564,0
420,497,0
52,178,0
462,1384,0
218,579,0
279,102,0
89,1045,0
682,177,0
354,1108,0
527,1090,0
450,277,0
700,1314,0
282,924,0
696,969,0
585,957,0
510,932,0
523,1361,0
224,400,0
188,1279,0
180,650,0
243,373,0
436,986,0
391,1053,0
464,178,0
691,34,0
345,866,0
317,972,0
586,308,0
668,881,0
90,623,0
123,945,0
93,660,0
245,856,0
65,539,0
386,924,0
262,1391,0
466,1032,0
514,917,0
178,788,0
96,882,0
115,1336,0
290,1056,0
165,1202,0
380,1053,0
574,1497,0
264,847,0
529,241,0
81,462,0
532,1336,0
97,1027,0
650,625,0
628,1333,0
51,1455,0
540,379,0
651,1386,0
310,1141,0
673,211,0
658,1101,0
118,1234,0
338,400,0
39,1268,0
626,1012,0
671,1057,0
576,349,0
522,1448,0
702,1473,0
423,989,0
373,100,0
286,568,0
51,36,0
35,698,0
133,1071,0
26,441,0
194,1448,0
116,913,0
707,1464,0
203,1358,0
349,683,0
603,1233,0
602,443,0
418,46,0
695,316,0
43,708,0
138,24,0
333,475,0
232,553,0
263,631,0
495,252,0
544,581,0
401,115,0
694,1214,0
94,1466,0
300,1275,0
14,1078,0
695,1134,0
363,114,0
623,572,0
651,339,0
328,461,0
333,742,0
83,762,0
524,859,0
105,255,0
635,762,0
575,1183,0
214,1388,0
197,1115,0
118,989,0
191,1333,0
542,990,0
318,449,0
516,114,0
271,125,0
542,672,0
284,424,0
402,299,0
106,1501,0
80,145,0
324,1484,0
186,846,0
126,936,0
407,1482,0
437,1173,0
383,765,0
169,660,0
297,684,0
411,872,0
464,115,0
357,1477,0
74,29,0
433,264,0
192,915,0
292,211,0
494,1459,0
551,93,0
451,957,0
339,912,0
270,1115,0
177,925,0
543,154,0
27,767,0
317,428,0
193,1325,0
584,644,0
86,1407,0
338,1300,0
204,1225,0
162,811,0
629,942,0
345,623,0
129,1134,0
591,815,0
314,553,0
177,736,0
258,527,0
536,928,0
635,191,0
41,608,0
688,784,0
404,896,0
118,1282,0
30,364,0
305,893,0
193,668,0
521,1415,0
31,935,0
264,1194,0
292,659,0
292,1097,0
155,1117,0
261,24,0
68,1370,0
245,1386,0
643,1221,0
471,1284,0
118,1108,0
437,33,0
460,241,0
632,207,0
475,474,0
458,1129,0
518,957,0
261,859,0
317,1488,0
60,197,0
431,1449,0
388,323,0
120,1460,0
194,276,0
507,827,0
392,917,0
97,1445,0
347,129,0
382,1463,0
337,550,0
385,992,0
656,143,0
39,780,0
566,516,0
440,577,0
568,732,0
99,12,0
649,164,0
590,491,0
469,571,0
618,1464,0
124,1019,0
586,195,0
429,90,0
678,266,0
507,740,0
545,1077,0
99,1146,0
14,424,0
690,1055,0
633,1211,0
627,1000,0
707,984,0
407,1187,0
14,773,0
42,301,0
588,356,0
250,819,0
167,858,0
392,631,0
67,48,0
480,492,0
98,1372,0
179,1157,0
571,275,0
15,695,0
419,1187,0
533,1268,0
514,673,0
335,706,0
578,589,0
236,223,0
489,755,0
668,80,0
114,1137,0
273,1082,0
131,57,0
622,1117,0
136,1141,0
28,327,0
291,1355,0
193,1006,0
658,1263,0
336,738,0
577,1081,0
62,325,0
73,650,0
565,1361,0
344,404,0
26,1164,0
536,1406,0
463,756,0
169,981,0
654,1079,0
617,613,0
500,1508,0
239,1247,0
501,717,0
525,517,0
80,198,0
437,496,0
518,923,0
451,991,0
355,358,0
434,1026,0
456,306,0
350,496,0
127,184,0
133,796,0
358,502,0
37,567,0
453,554,0
496,842,0
304,495,0
44,607,0
510,149,0
284,1069,0
36,975,0
433,1259,0
22,326,0
465,1386,0
650,117,0
323,318,0
285,860,0
40,665,0
586,343,0
305,962,0
685,297,0
102,722,0
446,1016,0
447,1285,0
656,1438,0
386,1446,0
141,364,0
644,1270,0
333,581,0
555,1060,0
608,141,0
355,66,0
104,451,0
599,979,0
492,1098,0
347,603,0
182,1285,0
559,1345,0
234,294,0
595,1512,0
697,706,0
420,265,0
12,1304,0
84,1220,0
403,725,0
676,1301,0
182,1312,0
324,915,0
170,894,0
309,281,0
11,1225,0
232,1059,0
510,912,0
405,1177,0
555,192,0
43,107,0
309,554,0
531,853,0
16,657,0
61,1031,0
516,255,0
282,859,0
131,319,0
178,646,0
87,207,0
297,874,0
534,823,0
335,715,0
386,1136,0
505,1065,0
334,211,0
231,844,0
453,1404,0
216,1027,0
612,874,0
136,1060,0
668,767,0
126,1277,0
77,352,0
697,1209,0
294,1420,0
378,1498,0
86,1056,0
285,423,0
62,240,0
137,90,0
686,77,0
376,76,0
161,1227,0
108,1239,0
13,575,0
17,1433,0
266,592,0
683,1033,0
491,1015,0
339,176,0
215,992,0
602,368,0
291,161,0
100,357,0
452,552,0
223,687,0
82,346,0
235,583,0
345,191,0
112,304,0
398,11,0
246,1091,0
525,40,0
431,1056,0
581,374,0
68,952,0
693,1266,0
475,470,0
557,393,0
553,1252,0
494,195,0
374,1468,0
475,557,0
671,449,0
42,1232,0
453,1113,0
165,505,0
651,264,0
343,772,0
646,608,0
279,1451,0
137,1423,0
286,346,0
35,56,0
572,591,0
28,1471,0
240,621,0
451,1018,0
431,621,0
534,1184,0
294,414,0
546,1193,0
522,844,0
259,558,0
507,576,0
473,542,0
342,1471,0
255,1183,0
619,787,0
173,1138,0
8,1222,0
493,293,0
57,1182,0
36,182,0
665,331,0
581,1105,0
593,85,0
8,26,0
290,556,0
88,412,0
565,586,0
262,824,0
547,317,0
604,797,0
527,534,0
9,1489,0
574,706,0
310,917,0
278,1255,0
540,711,0
386,726,0
346,390,0
127,526,0
699,102,0
473,827,0
175,1056,0
258,1501,0
483,824,0
181,512,0
663,1322,0
397,97,0
562,1149,0
631,1316,0
440,481,0
287,743,0
183,108,0
73,1103,0
543,1088,0
132,807,0
300,956,0
323,1497,0
164,1451,0
108,1480,0
160,34,0
70,680,0
221,1485,0
433,1276,0
454,1381,0
252,1265,0
516,1325,0
136,1435,0
156,1185,0
357,160,0
1,256,0
436,474,0
442,235,0
209,233,0
11,1041,0
617,778,0
21,281,0
206,263,0
86,219,0
2,583,0
6,764,0
108,264,0
645,1381,0
231,323,0
494,1218,0
687,1348,0
190,76,0
456,894,0
417,1470,0
589,137,0
279,402,0
590,807,0
553,91,0
240,795,0
375,1436,0
422,385,0
121,930,0
578,67,0
675,680,0
230,262,0
149,58,0
703,1032,0
480,1360,0
422,1362,0
667,719,0
295,747,0
586,592,0
164,79,0
71,860,0
382,1462,0
90,824,0
221,440,0
480,806,0
86,377,0
72,950,0
497,1294,0
12,620,0
371,1125,0
473,767,0
98,724,0
662,234,0
633,996,0
203,1406,0
181,1012,0
495,937,0
248,1213,0
579,1035,0
611,462,0
132,652,0
31,1508,0
420,150,0
148,52,0
644,276,0
326,769,0
630,1174,0
32,515,0
187,1371,0
176,1241,0
490,864,0
84,805,0
361,1344,0
258,1176,0
438,742,0
155,8,0
486,301,0
625,1494,0
264,1131,0
170,740,0
413,1133,0
53,747,0
178,1473,0
189,1235,0
605,410,0
393,861,0
166,230,0
266,781,0
384,358,0
83,418,0
517,194,0
684,1415,0
451,953,0
644,1375,0
28,916,0
110,1372,0
241,47,0
224,469,0
695,702,0
463,1059,0
461,1261,0
154,510,0
491,236,0
482,530,0
272,24,0
635,987,0
264,927,0
291,1354,0
309,1242,0
392,848,0
445,356,0
337,1260,0
453,1306,0
295,1201,0
91,1414,0
428,1435,0
395,34,0
506,722,0
459,84,0
155,291,0
459,840,0
422,237,0
580,784,0
503,652,0
513,203,0
143,480,0
403,1201,0
476,439,0
50,1365,0
285,338,0
129,39,0
294,1195,0
355,279,0
428,167,0
188,1226,0
270,1173,0
419,513,0
485,989,0
291,517,0
706,1486,0
349,684,0
181,233,0
522,39,0
211,569,0
194,37,0
563,297,0
506,669,0
182,314,0
560,990,0
162,889,0
8,1287,0
664,945,0
666,641,0
466,1084,0
354,6,0
275,1344,0
547,130,0
104,134,0
306,1374,0
376,624,0
316,883,0
687,338,0
392,575,0
60,375,0
246,147,0
500,1064,0
532,190,0
698,845,0
169,1461,0
52,752,0
706,232,0
139,480,0
30,508,0
672,1086,0
69,575,0
377,407,0
562,229,0
475,383,0
160,1111,0
640,386,0
319,1490,0
385,993,0
54,234,0
284,1031,0
562,880,0
55,1183,0
108,299,0
326,92,0
410,598,0
69,1426,0
544,198,0
692,911,0
583,1512,0
290,1086,0
212,509,0
14,453,0
157,945,0
146,1026,0
491,1092,0
538,362,0
139,738,0
322,1456,0
612,417,0
186,1314,0
590,70,0
18,222,0
323,88,0
290,279,0
437,1254,0
174,1453,0
622,154,0
244,230,0
538,1384,0
493,716,0
106,1174,0
389,1262,0
484,912,0
480,1055,0
470,422,0
376,1482,0
649,839,0
461,429,0
277,209,0
630,362,0
146,1408,0
45,470,0
326,342,0
51,203,0
145,310,0
583,593,0
571,528,0
603,1173,0
540,186,0
57,213,0
115,464,0
678,24,0
676,1435,0
431,85,0
164,1131,0
642,376,0
161,502,0
372,625,0
57,879,0
82,477,0
192,122,0
667,1393,0
445,118,0
512,72,0
213,1167,0
238,463,0
615,948,0
105,283,0
583,961,0
143,678,0
519,907,0
199,621,0
163,895,0
93,249,0
54,87,0
244,1193,0
161,1088,0
593,847,0
187,319,0
490,871,0
267,1035,0
512,86,0
276,1201,0
367,778,0
267,1220,0
674,1201,0
246,569,0
263,1327,0
453,874,0
567,858,0
263,1304,0
369,327,0
555,1325,0
400,1288,0
394,265,0
570,1033,0
342,119,0
187,1012,0
343,407,0
174,505,0
328,1364,0
604,921,0
96,197,0
38,1498,0
377,343,0
518,1,0
91,86,0
588,73,0
648,522,0
7,1355,0
626,390,0
108,1196,0
241,924,0
350,127,0
143,290,0
278,1159,0
397,1180,0
608,579,0
289,749,0
68,962,0
528,601,0
704,450,0
90,243,0
635,518,0
242,1019,0
289,813,0
17,802,0
458,1194,0
325,718,0
697,1436,0
394,1060,0
95,571,0
375,246,0
360,1339,0
417,797,0
56,1054,0
21,1379,0
689,417,0
145,1092,0
130,1200,0
240,955,0
586,1472,0
440,1053,0
206,544,0
561,1088,0
78,984,0
533,80,0
672,282,0
388,3,0
297,384,0
451,587,0
649,1334,0
450,968,0
241,570,0
256,1083,0
131,913,0
6,898,0
128,31,0
34,1459,0
266,1409,0
325,91,0
65,893,0
382,1137,0
33,59,0
336,1416,0
517,825,0
249,51,0
247,352,0
58,1304,0
212,304,0
447,757,0
251,534,0
260,1225,0
637,396,0
25,816,0
15,655,0
353,595,0
684,1093,0
551,1197,0
446,442,0
156,7,0
133,1342,0
468,151,0
174,1124,0
426,489,0
418,169,0
697,1142,0
221,1351,0
221,626,0
157,1119,0
300,685,0
59,596,0
307,91,0
27,1006,0
654,977,0
343,1432,0
132,399,0
290,391,0
653,1322,0
284,952,0
399,260,0
212,404,0
210,387,0
263,546,0
38,1283,0
278,1373,0
430,273,0
123,1352,0
707,1025,0
18,1415,0
88,632,0
345,1004,0
117,1087,0
552,1221,0
94,1351,0
162,681,0
59,496,0
456,835,0
145,142,0
631,1016,0
89,258,0
205,1348,0
704,1133,0
284,1368,0
165,261,0
609,493,0
198,1049,0
652,1015,0
451,1002,0
572,330,0
289,843,0
94,938,0
268,979,0
600,22,0
258,47,0
691,1410,0
508,1087,0
649,54,0
183,1440,0
77,741,0
301,1472,0
133,889,0
630,1124,0
605,409,0
120,1443,0
255,1130,0
582,468,0
373,1049,0
494,855,0
6,640,0
454,1237,0
382,16,0
253,300,0
434,410,0
218,227,0
45,1496,0
544,835,0
184,992,0
14,1016,0
698,895,0
608,364,0
151,1148,0
575,1324,0
389,602,0
549,926,0
165,905,0
139,1154,0
404,998,0
398,753,0
49,1495,0
696,1140,0
146,783,0
637,1091,0
366,914,0
529,1135,0
243,830,0
649,863,0
448,720,0
344,617,0
391,437,0
516,224,0
233,395,0
135,646,0
250,956,0
182,1174,0
477,1381,0
39,205,0
592,118,0
458,949,0
81,226,0
306,685,0
376,1434,0
701,118,0
75,1189,0
696,232,0
105,399,0
267,392,0
33,1038,0
446,844,0
184,157,0
164,1223,0
239,257,0
604,1132,0
628,539,0
18,216,0
540,67,0
69,181,0
226,207,0
335,1003,0
704,1046,0
127,683,0
327,1224,0
416,1034,0
329,623,0
451,543,0
399,104,0
278,1502,0
331,316,0
415,1124,0
119,872,0
573,1173,0
582,720,0
592,771,0
318,381,0
554,863,0
605,480,0
337,427,0
602,47,0
168,447,0
273,307,0
471,278,0
571,661,0
94,135,0
290,347,0
526,1281,0
542,282,0
349,287,0
562,1476,0
372,859,0
578,1076,0
700,264,0
646,580,0
136,536,0
593,649,0
67,833,0
39,1023,0
224,240,0
677,950,0
318,1075,0
381,1374,0
16,1469,0
226,103,0
369,1413,0
233,1457,0
458,752,0
494,702,0
460,330,0
459,1025,0
664,691,0
176,1379,0
455,1057,0
382,813,0
655,1430,0
494,839,0
452,446,0
244,1282,0
425,47,0
477,12,0
81,1120,0
278,283,0
628,1451,0
274,402,0
6,429,0
420,1165,0
35,1282,0
639,848,0
301,627,0
548,1231,0
264,1343,0
598,49,0
341,836,0
427,1043,0
345,1311,0
560,252,0
50,149,0
527,1060,0
307,619,0
444,702,0
398,1134,0
269,602,0
457,1072,0
564,554,0
47,722,0
315,397,0
214,937,0
61,830,0
622,921,0
515,396,0
661,1054,0
415,794,0
705,10,0
464,392,0
522,1102,0
451,46,0
439,1330,0
700,1466,0
494,426,0
288,199,0
497,425,0
264,171,0
172,40,0
478,1283,0
159,1102,0
600,52,0
44,993,0
183,1282,0
89,274,0
224,571,0
524,711,0
76,1406,0
426,114,0
405,1176,0
463,716,0
305,872,0
544,934,0
173,418,0
367,568,0
271,491,0
504,732,0
698,880,0
602,436,0
119,577,0
606,55,0
95,52,0
111,198,0
323,1475,0
213,1492,0
530,1293,0
344,716,0
585,996,0
108,804,0
224,463,0
547,720,0
101,61,0
240,546,0
152,1205,0
109,974,0
22,1505,0
398,1248,0
33,95,0
43,74,0
174,1474,0
129,1268,0
600,1031,0
185,29,0
525,308,0
254,1282,0
314,1184,0
654,1041,0
10,866,0
22,181,0
167,772,0
592,767,0
488,737,0
178,401,0
141,811,0
139,1264,0
120,877,0
651,331,0
368,1108,0
579,1388,0
473,42,0
348,759,0
639,1223,0
402,1191,0
465,622,0
358,1388,0
506,8,0
369,888,0
636,884,0
479,1185,0
115,232,0
40,684,0
292,1081,0
489,484,0
134,1370,0
590,198,0
116,644,0
439,1296,0
80,401,0
439,1456,0
295,1262,0
16,143,0
552,350,0
593,808,0
122,461,0
142,1381,0
297,191,0
449,1079,0
423,622,0
233,961,0
483,491,0
113,289,0
411,177,0
417,1257,0
299,564,0
131,293,0
91,253,0
239,40,0
462,429,0
347,793,0
588,805,0
608,215,0
9,814,0
624,649,0
222,1412,0
428,953,0
542,952,0
20,1412,0
240,333,0
486,46,0
302,1448,0
135,609,0
158,193,0
411,856,0
43,80,0
62,595,0
290,1215,0
377,254,0
6,215,0
249,879,0
180,1296,0
429,336,0
157,1303,0
554,107,0
453,1250,0
202,1098,0
525,62,0
38,664,0
273,1363,0
575,1403,0
223,860,0
462,921,0
278,206,0
458,418,0
282,746,0
232,1295,0
313,1003,0
590,1494,0
313,603,0
637,509,0
35,278,0
42,1364,0
110,1,0
612,934,0
248,370,0
549,1023,0
368,979,0
564,587,0
524,710,0
559,1354,0
525,1234,0
599,1135,0
174,882,0
378,900,0
458,800,0
331,343,0
581,173,0
307,592,0
250,1378,0
625,1000,0
256,77,0
651,877,0
316,709,0
242,27,0
461,800,0
629,1377,0
699,556,0
319,948,0
89,894,0
10,982,0
386,209,0
440,628,0
510,1090,0
309,1020,0
245,1099,0
704,894,0
350,867,0
58,570,0
192,913,0
70,444,0
624,1158,0
232,973,0
434,1442,0
162,981,0
479,1127,0
368,18,0
364,695,0
504,433,0
315,1468,0
123,578,0
165,772,0
464,1019,0
629,1043,0
95,490,0
2,1509,0
370,785,0
148,1453,0
312,936,0
209,841,0
611,633,0
450,26,0
109,915,0
703,274,0
250,1375,0
435,337,0
581,758,0
486,704,0
485,746,0
89,221,0
672,822,0
397,313,0
321,227,0
313,1195,0
531,987,0
389,158,0
188,128,0
136,1190,0
325,1016,0
212,7,0
395,639,0
512,715,0
43,1103,0
670,632,0
392,1310,0
600,730,0
283,997,0
119,1228,0
1,812,0
424,452,0
580,549,0
459,492,0
545,1313,0
239,652,0
78,1305,0
39,180,0
598,759,0
567,1403,0
125,524,0
443,1254,0
605,1030,0
585,71,0
634,1125,0
29,407,0
510,1133,0
534,1309,0
510,106,0
688,167,0
637,1064,0
432,1192,0
442,819,0
375,664,0
478,148,0
219,700,0
410,954,0
489,116,0
119,1200,0
474,1319,0
656,1047,0
572,1491,0
239,440,0
259,992,0
374,1057,0
637,1493,0
144,24,0
676,349,0
165,784,0
405,838,0
169,507,0
184,1208,0
495,28,0
437,811,0
50,13,0
188,814,0
539,239,0
602,1201,0
467,1221,0
20,510,0
601,631,0
85,122,0
324,718,0
694,125,0
705,1370,0
664,125,0
628,950,0
317,605,0
490,346,0
47,1448,0
369,836,0
668,257,0
1,1065,0
479,877,0
68,1508,0
170,1188,0
7,1436,0
41,902,0
332,697,0
234,233,0
561,424,0
265,473,0
420,1224,0
379,1203,0
622,1479,0
531,415,0
542,1101,0
42,120,0
609,297,0
71,537,0
479,1317,0
369,1085,0
512,690,0
104,410,0
179,751,0
40,1128,0
280,1352,0
613,47,0
120,730,0
224,815,0
243,1420,0
237,1334,0
292,292,0
289,618,0
293,382,0
373,806,0
303,1278,0
302,194,0
214,893,0
479,100,0
263,952,0
26,729,0
436,1479,0
233,1024,0
60,1226,0
248,681,0
624,1308,0
382,86,0
122,1114,0
345,901,0
165,912,0
143,688,0
306,1481,0
575,1317,0
155,896,0
273,547,0
500,420,0
509,19,0
218,1397,0
245,466,0
440,1468,0
348,1082,0
208,1223,0
228,498,0
556,97,0
118,854,0
242,930,0
654,1118,0
522,1008,0
544,1279,0
138,1484,0
126,1497,0
703,36,0
446,1127,0
541,265,0
637,319,0
306,826,0
619,554,0
525,32,0
620,1299,0
668,947,0
215,1339,0
217,471,0
2,1289,0
557,1471,0
71,1029,0
697,718,0
661,1493,0
314,1270,0
147,491,0
500,1338,0
216,50,0
507,719,0
436,781,0
169,592,0
609,1149,0
157,460,0
282,956,0
199,1169,0
652,1406,0
276,303,0
276,275,0
655,373,0
666,914,0
479,197,0
571,261,0
571,1035,0
477,786,0
394,811,0
688,567,0
96,1139,0
53,1493,0
21,635,0
123,1201,0
149,675,0
648,421,0
69,629,0
425,542,0
155,1080,0
708,370,0
216,524,0
575,730,0
645,1476,0
240,1227,0
184,212,0
201,474,0
375,532,0
603,1060,0
74,153,0
546,1407,0
530,967,0
245,347,0
207,725,0
100,852,0
629,78,0
285,711,0
536,972,0
160,990,0
87,1292,0
684,1031,0
378,740,0
622,115,0
350,156,0
612,1396,0
512,959,0
237,1259,0
396,410,0
68,906,0
232,271,0
37,862,0
707,1285,0
58,465,0
190,886,0
413,1103,0
398,73,0
290,601,0
608,386,0
22,796,0
182,1207,0
213,141,0
699,1338,0
311,79,0
71,580,0
617,199,0
591,565,0
412,549,0
635,108,0
437,750,0
250,1267,0
260,3,0
7,1290,0
655,1057,0
688,1047,0
591,1484,0
213,570,0
63,455,0
19,1066,0
240,888,0
431,994,0
217,1506,0
62,434,0
306,4,0
165,1342,0
313,222,0
646,562,0
366,982,0
377,377,0
405,54,0
630,1048,0
531,558,0
7,475,0
398,147,0
350,1388,0
491,487,0
458,1178,0
400,541,0
121,1461,0
300,1183,0
542,1222,0
599,24,0
137,701,0
57,376,0
515,1229,0
494,125,0
361,14,0
240,991,0
116,187,0
159,401,0
502,92,0
312,1179,0
430,1249,0
231,1246,0
366,86,0
575,431,0
536,606,0
432,1261,0
384,575,0
520,949,0
85,829,0
72,3,0
699,377,0
452,382,0
222,1414,0
275,43,0
117,487,0
143,94,0
285,981,0
301,467,0
335,57,0
566,1393,0
700,1407,0
602,1144,0
18,233,0
545,341,0
510,66,0
388,1325,0
159,1001,0
697,1404,0
299,9,0
578,876,0
217,36,0
314,1275,0
204,1038,0
473,191,0
483,404,0
167,1366,0
446,1052,0
418,1394,0
212,771,0
171,156,0
500,124,0
155,120,0
406,1061,0
173,186,0
195,1349,0
343,1415,0
156,1230,0
75,486,0
705,368,0
582,922,0
460,1171,0
632,1297,0
555,1197,0
531,419,0
560,15,0
188,144,0
405,977,0
590,1436,0
384,1296,0
54,322,0
444,85,0
322,353,0
138,187,0
629,224,0
490,54,0
219,789,0
24,790,0
85,365,0
336,742,0
362,512,0
597,216,0
688,587,0
512,240,0
558,164,0
335,398,0
192,325,0
639,261,0
344,1400,0
101,840,0
578,314,0
470,846,0
515,920,0
556,1239,0
601,1459,0
575,297,0
342,1019,0
159,1344,0
300,1173,0
556,211,0
84,156,0
699,917,0
65,1054,0
550,894,0
64,573,0
23,493,0
653,1472,0
454,753,0
167,654,0
25,32,0
256,179,0
147,1072,0
526,49,0
509,489,0
466,918,0
522,785,0
239,813,0
98,1037,0
540,143,0
272,615,0
102,1424,0
369,71,0
46,150,0
474,172,0
202,520,0
596,763,0
264,587,0
37,140,0
342,1024,0
117,215,0
162,1234,0
620,757,0
308,633,0
62,37,0
236,1018,0
701,309,0
576,1020,0
272,398,0
473,1325,0
320,1084,0
384,1236,0
639,1404,0
109,875,0
160,1155,0
344,1352,0
12,956,0
644,1267,0
440,808,0
657,875,0
45,724,0
182,558,0
392,194,0
379,1149,0
386,292,0
412,1212,0
324,1342,0
638,275,0
135,1385,0
430,353,0
317,655,0
185,988,0
521,1347,0
112,364,0
248,762,0
348,991,0
675,63,0
271,1385,0
49,630,0
167,1454,0
203,39,0
195,881,0
642,459,0
471,13,0
109,1315,0
163,1388,0
350,847,0
49,466,0
633,949,0
610,597,0
545,89,0
9,627,0
438,420,0
297,962,0
96,441,0
357,4,0
225,699,0
626,78,0
627,932,0
546,1170,0
565,915,0
398,156,0
382,1002,0
635,469,0
425,1200,0
270,252,0
203,261,0
225,1145,0
629,1305,0
705,1293,0
613,1235,0
74,227,0
121,770,0
451,713,0
436,414,0
519,62,0
181,1148,0
429,840,0
366,739,0
469,332,0
82,878,0
148,434,0
541,845,0
563,1510,0
235,556,0
247,844,0
684,713,0
575,155,0
444,337,0
420,416,0
